0
0.000218
61.610237
0
0.000218
61.278034
1
0.000686
57.242191
1
0.000654
57.491295
2
0.000159
55.497635
2
0.000159
55.130543
3
0.000806
52.701492
3
0.000806
52.952728
4
0.000775
56.446709
4
0.000775 
56.163204
5
0.000544 
57.097431
5
0.000140
57.322266
6
0.000281
57.419743
6
0.000281
54.754299
7
0.000543
48.054539
7
0.000543
47.935684
8
0.000382
0.023411
8
0.000382
0.023418
9
0.000310
48.954308
9
0.000310 
48.555172
10
0.000991
61.654938
10
0.000992
62.085114
11
0.000471
60.334003
11
0.000471
60.107677
12
0.000473
60.807770
12
0.000473
60.802338
13
0.000106
19.840065
13
0.000106
20.660706
14
0.000573
42.308403
14
0.000606
42.262039
15
0.000044
57.788239
15
0.000098
58.418354
16
0.000224
63.696831
16
0.000030
63.701000
17
0.000725
44.643677
17
0.000724 
44.327118
18
0.000372
58.315418
18
0.000372
58.059685
19
0.000792
51.124191
19
0.000792
50.944916
20
0.000525
45.225616
20
0.000466
44.996597
