0
0.000001 
63.685806
0
0.000001 
63.685806
1
0.000079 
62.759396
1
0.000079 
63.157921
2
0.000684 
63.302944
2
0.000017 
63.302944
3
0.000312 
51.951572
3
0.000312 
52.245869
4
0.000047 
63.994709
4
0.000047 
63.994709
5
0.000121 
63.993958
5
0.000121 
63.922970
6
0.000028 
56.259296
6
0.000028 
56.259296
7
0.000095 
50.705784
7
0.000095 
50.705784
8
0.000092 
0.000092
8
0.000092 
0.000092
9
0.000205 
51.937729
9
0.000205 
51.937729
10
0.000121 
60.105705
10
0.000121 
60.105705
11
0.000118 
63.915920
11
0.000118 
63.915920
12
0.000218 
61.432449
12
0.000218 
61.432449
13
0.000109 
35.449852
13
0.000109 
36.168537
14
0.000444 
62.692528
14
0.000280 
62.692528
15
0.000034 
63.153912
15
0.000034 
62.430161
16
0.000130 
63.571167
16
0.000087 
63.571167
